033333333333333333333311133333333333333333333333333330
033333333333333333333313133333333333333333333333333330
033333333333333311111113111111111111111111113333333330
033331111111111113333333333333333333333333313333333330
033331333333333333333333333333333333333333311111433330
033331111111111113311111111333333111111111113333333330
033333333333333313313133331333333133333333333333333330
033333333333333313311133333313333313333333333333333330
033333333333333311113333333331333331333333333333333330
033333333333333333333333333333111111333333333333333330		
